0 1
1 1
2 1
3 1
4 1
5 2
6 2
7 3
8 3
9 4
10 5
11 6
12 7
13 8
14 10
15 12
16 14
17 17
18 19
19 23
20 26
21 30
22 34
23 39
24 45
25 50
26 57
27 63
28 71
29 78
30 86
31 95
32 104
33 113
34 122
35 131
36 141
37 150
38 159
39 168
40 177
41 185
42 193
43 200
44 206
45 212
46 217
47 220
48 223
49 224
51 224
52 223
53 220
54 217
55 212
56 206
57 200
58 193
59 185
60 177
61 168
62 159
63 150
64 141
65 131
66 122
67 113
68 104
69 95
70 86
71 78
72 71
73 63
74 57
75 50
76 45
77 39
78 34
79 30
80 26
81 23
82 19
83 17
84 14
85 12
86 10
87 8
88 7
89 6
90 5
91 4
92 3
93 3
94 2
95 2
96 1
97 1
98 1
99 1
100 1
100 1
101 1
102 1
103 1
104 1
105 2
106 2
107 3
108 3
109 4
110 5
111 6
112 7
113 8
114 10
115 12
116 14
117 17
118 19
119 23
120 26
121 30
122 34
123 39
124 45
125 50
126 57
127 63
128 71
129 78
130 86
131 95
132 104
133 113
134 122
135 131
136 141
137 150
138 159
139 168
140 177
141 185
142 193
143 200
144 206
145 212
146 217
147 220
148 223
149 224
151 224
152 223
153 220
154 217
155 212
156 206
157 200
158 193
159 185
160 177
161 168
162 159
163 150
164 141
165 131
166 122
167 113
168 104
169 95
170 86
171 78
172 71
173 63
174 57
175 50
176 45
177 39
178 34
179 30
180 26
181 23
182 19
183 17
184 14
185 12
186 10
187 8
188 7
189 6
190 5
191 4
192 3
193 3
194 2
195 2
196 1
197 1
198 1
199 1
200 1
200 1
201 1
202 2
203 2
204 3
205 3
206 4
207 5
208 6
209 7
210 9
211 11
212 13
213 15
214 18
215 22
216 25
217 30
218 35
219 41
220 47
221 54
222 62
223 71
224 80
225 91
226 102
227 114
228 127
229 141
230 155
231 171
232 186
233 203
234 219
235 236
236 253
237 270
238 287
239 303
240 319
241 334
242 347
243 360
244 372
245 381
246 390
247 396
248 401
249 404
251 404
252 401
253 396
254 390
255 381
256 372
257 360
258 347
259 334
260 319
261 303
262 287
263 270
264 253
265 236
266 219
267 203
268 186
269 171
270 155
271 141
272 127
273 114
274 102
275 91
276 80
277 71
278 62
279 54
280 47
281 41
282 35
283 30
284 25
285 22
286 18
287 15
288 13
289 11
290 9
291 7
292 6
293 5
294 4
295 3
296 3
297 2
298 2
299 1
300 1
300 1
301 2
302 2
303 3
304 3
305 4
306 5
307 6
308 7
309 9
310 11
311 13
312 16
313 19
314 22
315 26
316 31
317 37
318 43
319 50
320 57
321 66
322 76
323 86
324 98
325 111
326 125
327 140
328 155
329 172
330 190
331 209
332 228
333 248
334 268
335 289
336 310
337 330
338 351
339 371
340 390
341 408
342 425
343 440
344 454
345 466
346 476
347 484
348 490
349 494
351 494
352 490
353 484
354 476
355 466
356 454
357 440
358 425
359 408
360 390
361 371
362 351
363 330
364 310
365 289
366 268
367 248
368 228
369 209
370 190
371 172
372 155
373 140
374 125
375 111
376 98
377 86
378 76
379 66
380 57
381 50
382 43
383 37
384 31
385 26
386 22
387 19
388 16
389 13
390 11
391 9
392 7
393 6
394 5
395 4
396 3
397 3
398 2
399 2
400 1
400 1
401 2
402 2
403 3
404 4
405 5
406 6
407 7
408 9
409 10
410 13
411 15
412 18
413 22
414 26
415 31
416 37
417 43
418 50
419 59
420 68
421 78
422 90
423 102
424 116
425 131
426 147
427 165
428 184
429 204
430 225
431 247
432 269
433 293
434 317
435 341
436 366
437 390
438 414
439 438
440 460
441 482
442 502
443 520
444 537
445 551
446 563
447 573
448 579
449 584
451 584
452 579
453 573
454 563
455 551
456 537
457 520
458 502
459 482
460 460
461 438
462 414
463 390
464 366
465 341
466 317
467 293
468 269
469 247
470 225
471 204
472 184
473 165
474 147
475 131
476 116
477 102
478 90
479 78
480 68
481 59
482 50
483 43
484 37
485 31
486 26
487 22
488 18
489 15
490 13
491 10
492 9
493 7
494 6
495 5
496 4
497 3
498 2
499 2
500 1
